   2.5236000e+02   9.6670000e+01   8.3700000e+00   1.0000000e+00
   2.6254000e+02   1.0007000e+02   9.0700000e+00   1.0000000e+00
   2.8570000e+02   9.6780000e+01   9.3500000e+00   1.0000000e+00
   2.7752000e+02   1.0130000e+02   9.6700000e+00   1.0000000e+00
   3.0795000e+02   1.0035000e+02   9.4500000e+00   1.0000000e+00
   3.2244000e+02   1.0480000e+02   1.0120000e+01   1.0000000e+00
   3.3488000e+02   1.0617000e+02   1.0350000e+01   1.0000000e+00
   3.5011000e+02   1.0920000e+02   1.1030000e+01   1.0000000e+00
   3.4610000e+02   1.0448000e+02   1.0380000e+01   1.0000000e+00
   3.7491000e+02   1.0688000e+02   1.2150000e+01   1.0000000e+00
   3.7849000e+02   1.1314000e+02   1.2980000e+01   1.0000000e+00
   3.9748000e+02   1.1238000e+02   1.1340000e+01   1.0000000e+00
   3.7839000e+02   1.0907000e+02   1.0950000e+01   1.0000000e+00
   3.9344000e+02   1.1445000e+02   1.2890000e+01   1.0000000e+00
   4.0384000e+02   1.1523000e+02   1.3710000e+01   1.0000000e+00
