   1.4267193e+02   1.4177305e+02   1.4376845e+02   1.4201138e+02   1.3935784e+02   1.4067823e+02   1.3978459e+02   1.3967919e+02   1.4586091e+02   1.4213742e+02
   1.5160977e+02   1.4940628e+02   1.4741307e+02   1.4921328e+02   1.4967389e+02   1.4817012e+02   1.4980225e+02   1.5155236e+02   1.5066528e+02   1.4732525e+02
   1.5658527e+02   1.6130455e+02   1.5703915e+02   1.6051373e+02   1.6045132e+02   1.5955819e+02   1.6051451e+02   1.6202745e+02   1.6086266e+02   1.6098674e+02
   1.5906039e+02   1.6022555e+02   1.5657395e+02   1.6062651e+02   1.6086353e+02   1.5793462e+02   1.6328298e+02   1.6495955e+02   1.5673637e+02   1.5870730e+02
   1.6958314e+02   1.7135829e+02   1.6363836e+02   1.7178383e+02   1.7309303e+02   1.6903645e+02   1.6789872e+02   1.6845601e+02   1.6862330e+02   1.6872409e+02
   1.7718154e+02   1.7962725e+02   1.8135292e+02   1.7663360e+02   1.7883483e+02   1.8003931e+02   1.7899466e+02   1.7006658e+02   1.7826579e+02   1.7865891e+02
   1.8431255e+02   1.8297827e+02   1.8540736e+02   1.8496743e+02   1.8106052e+02   1.8508108e+02   1.8462451e+02   1.8143115e+02   1.8621745e+02   1.8434411e+02
   1.9453189e+02   1.9523086e+02   1.9272064e+02   1.9136253e+02   1.9229925e+02   1.9435281e+02   1.9028895e+02   1.9957338e+02   1.9379377e+02   1.9117964e+02
   1.9290224e+02   1.9141135e+02   1.9156957e+02   1.8640495e+02   1.8631205e+02   1.9055370e+02   1.8808807e+02   1.8467738e+02   1.8987800e+02   1.8848039e+02
   2.1068538e+02   2.0837234e+02   2.0438712e+02   2.0762325e+02   2.1351514e+02   2.0683453e+02   2.0404964e+02   2.1148282e+02   2.0497164e+02   2.0622568e+02
   2.1222212e+02   2.1525904e+02   2.1351274e+02   2.1723205e+02   2.1216800e+02   2.1440362e+02   2.1538775e+02   2.1420320e+02   2.1324700e+02   2.1204235e+02
   2.1838342e+02   2.1613533e+02   2.1458625e+02   2.1327477e+02   2.1691519e+02   2.1588009e+02   2.1326894e+02   2.2079179e+02   2.1397434e+02   2.1307912e+02
   2.0593644e+02   2.0468334e+02   2.0574499e+02   2.0599267e+02   2.0465745e+02   2.0489478e+02   2.0533869e+02   1.9729490e+02   2.0308833e+02   2.0423145e+02
   2.1961214e+02   2.2012231e+02   2.2027593e+02   2.1916266e+02   2.2190303e+02   2.1989717e+02   2.1859244e+02   2.1889071e+02   2.2034187e+02   2.1627702e+02
   2.2785672e+02   2.2588958e+02   2.2542723e+02   2.2964042e+02   2.2515838e+02   2.2590466e+02   2.2767754e+02   2.2223912e+02   2.2743708e+02   2.2870969e+02